200.000000 90.000000
202.000000 90.000000
204.000000 90.000000
206.000000 90.000000
208.000000 90.000000
210.000000 90.000000
212.000000 90.000000
214.000000 90.000000
216.000000 90.000000
218.000000 90.000000
220.000000 90.000000
222.000000 90.000000
224.000000 90.000000
226.000000 90.000000
228.000000 90.000000
230.000000 90.000000
232.000000 90.000000
234.000000 90.000000
236.000000 90.000000
238.000000 90.000000
240.000000 90.000000
242.000000 90.000000
244.000000 90.000000
246.000000 90.000000
248.000000 90.000000
249.990083 90.017177
251.970248 90.051532
253.950413 90.085887
255.920661 90.137419
257.900826 90.171774
259.861716 90.239515
261.803329 90.340643
263.744943 90.441771
265.686557 90.542899
267.628171 90.644027
269.569991 90.744797
271.474815 90.909647
273.379639 91.074497
275.284463 91.239346
277.189202 91.404343
279.093856 91.569487
280.981308 91.764425
282.850755 91.990550
284.720129 92.216802
286.589430 92.443179
288.458401 92.670128
290.327759 92.896406
292.162486 93.182668
293.997151 93.469036
295.831533 93.755895
297.665756 94.043030
299.481397 94.362348
301.299097 94.678102
303.099542 95.023740
304.899714 95.369853
306.682065 95.746833
308.481855 96.093606
310.281820 96.440078
312.065307 96.815088
313.832025 97.219144
315.598587 97.623472
317.364855 98.028306
319.130792 98.433716
320.897315 98.838110
322.613926 99.328954
324.347450 99.790504
326.080837 100.252292
327.813843 100.714738
329.546761 101.177338
331.263843 101.667367
332.965178 102.184669
334.666209 102.702498
336.367044 103.220668
338.067564 103.739383
339.768377 104.257589
341.469300 104.775605
343.138671 105.348272
344.807838 105.921291
346.476866 106.494552
348.145602 107.068319
349.814582 107.641661
351.483803 108.214588
353.121963 108.841313
354.778756 109.435764
356.416550 110.063123
358.054225 110.690689
359.676409 111.345086
361.299252 111.998340
362.924331 112.647723
364.516328 113.354405
366.108215 114.061277
367.715490 114.741497
369.323291 115.420806
370.949492 116.068245
372.526948 116.800112
374.104521 117.531778
375.666676 118.290146
377.244330 119.021671
378.804038 119.784280
380.382468 120.514460
381.911754 121.329762
383.442280 122.142914
384.981122 122.941664
386.529968 123.723084
388.079499 124.503321
389.629323 125.283047
391.134023 126.140932
392.654320 126.971801
394.174550 127.802788
395.695139 128.633153
397.216582 129.462038
398.735986 130.294455
400.225448 131.178732
401.679827 132.123775
403.186180 132.978797
404.676944 133.860819
406.130848 134.806685
407.618252 135.694528
409.096424 136.598361
410.554547 137.536918
412.013198 138.474563
413.453029 139.444805
414.918292 140.370996
416.374968 141.312060
417.786923 142.330585
419.208151 143.333046
420.675522 144.255588
422.159098 145.150060
423.626445 146.072642
425.150354 146.897256
426.663169 147.741085
428.180761 148.576640
429.729518 149.358215
431.295078 150.110688
432.877335 150.834239
434.460476 151.556262
436.029050 152.303513
437.629652 152.995291
439.262053 153.631991
440.879411 154.294746
442.543459 154.876632
444.207824 155.457969
445.872238 156.039222
447.536651 156.620475
449.231848 157.148409
450.926915 157.676568
452.652913 158.151154
454.364225 158.651176
456.089480 159.127049
457.814735 159.602921
459.570243 160.026393
461.325621 160.450092
463.111556 160.820863
464.882680 161.217288
466.667139 161.590616
468.451598 161.963944
470.266233 162.285005
472.049473 162.660445
473.894611 162.928674
475.723814 163.224502
477.551720 163.522577
479.395004 163.794017
481.268702 164.012779
483.142400 164.231540
485.047597 164.395744
486.952794 164.559947
488.889016 164.670415
490.825237 164.780883
492.792713 164.837216
494.760189 164.893549
496.760189 164.893549
498.760189 164.893549
500.760189 164.893549
502.760189 164.893549
504.760189 164.893549
506.760189 164.893549
508.760189 164.893549
510.760189 164.893549
512.760189 164.893549
514.760189 164.893549
516.760189 164.893549
518.760189 164.893549
520.760189 164.893549
522.760189 164.893549
524.760189 164.893549
526.760189 164.893549
528.760189 164.893549
530.760189 164.893549
532.760189 164.893549
534.760189 164.893549
536.760189 164.893549
538.760189 164.893549
540.760189 164.893549
542.760189 164.893549
544.702181 164.670765
546.366996 163.549301
547.757574 161.751354
548.968085 159.708792
550.043654 157.574177
551.002959 155.391200
551.860993 153.188292
552.630076 150.984837
553.319602 148.793464
553.936425 146.622382
554.486420 144.478162
554.980342 142.370778
555.412468 140.293859
555.796485 138.260769
556.127469 136.265331
556.412015 134.314437
556.648423 132.405385
556.844497 130.546046
556.987420 128.725247
557.100370 126.963172
557.154752 125.237854
557.174718 123.569236
557.155374 121.955520
557.073791 120.381815
556.964263 118.872470
556.924670 117.452698
556.955673 116.108239
557.077042 114.848450
557.288791 113.669565
557.556260 112.548405
557.878966 111.482404
558.279460 110.481360
558.743495 109.536598
559.250348 108.632931
559.799191 107.768977
560.408314 106.952961
561.070485 106.180495
561.783756 105.448875
562.519818 104.747841
563.283662 104.077411
564.092663 103.440724
564.944922 102.835712
565.839349 102.260650
566.774860 101.713929
567.747805 101.193364
568.756569 100.697409
569.792267 100.222688
570.847285 99.766359
571.921377 99.327616
573.017797 98.906496
574.143487 98.503838
575.297155 98.118610
576.477577 97.749849
577.683596 97.396654
578.914116 97.058186
580.168102 96.733661
581.445407 96.422537
582.744372 96.123960
584.058124 95.835917
585.385529 95.557780
586.726288 95.289134
588.080105 95.029582
589.446688 94.778745
590.826132 94.536336
592.223495 94.303031
593.636937 94.078176
595.065479 93.861302
596.508557 93.652037
597.967386 93.450373
599.439875 93.255673
600.925318 93.067581
602.423914 92.885933
603.935868 92.710575
605.459412 92.540983
606.994154 92.376909
608.537286 92.217654
610.088609 92.063039
611.647934 91.912891
613.215071 91.767047
614.789839 91.625349
616.372060 91.487645
617.961559 91.353793
619.558167 91.223654
621.161720 91.097095
622.772057 90.973991
624.390458 90.854446
626.017042 90.738382
627.651953 90.625730
629.293906 90.516197
630.944369 90.409934
632.601097 90.306507
634.265999 90.206140
635.936991 90.108434
637.615259 90.013507
639.299726 89.921124
640.990675 89.831266
642.687886 89.743841
644.390877 89.658715
646.100151 89.575914
647.814585 89.495208
649.533331 89.416417
651.256299 89.339480
652.983399 89.264342
654.714544 89.190948
656.449650 89.119245
658.188635 89.049182
659.931417 88.980710
661.677920 88.913782
663.428065 88.848354
665.181779 88.784380
666.938990 88.721819
668.699627 88.660630
670.463620 88.600773
672.230903 88.542211
674.001411 88.484908
675.775078 88.428827
677.551844 88.373934
679.331647 88.320197
681.114428 88.267584
682.900129 88.216064
684.688693 88.165607
686.481514 88.116361
688.277137 88.068125
690.076174 88.020954
691.878559 87.974819
693.683543 87.929609
695.492409 87.885462
697.303710 87.842182
699.118167 87.799841
700.935574 87.758395
702.755342 87.717757
704.578610 87.678051
706.404057 87.639098
708.232368 87.600970
710.063348 87.563626
711.896421 87.526984
713.732720 87.491169
715.570974 87.456013
717.411781 87.421576
719.255066 87.387837
721.100188 87.354706
722.947118 87.322170
724.795823 87.290214
726.646274 87.258824
728.498442 87.227988
730.352298 87.197692
732.207813 87.167924
734.064960 87.138671
735.923713 87.109923
737.784044 87.081667
739.645929 87.053893
741.509341 87.026589
743.374256 86.999745
745.240650 86.973352
747.108500 86.947398
748.977781 86.921874
750.848472 86.896772
752.720549 86.872081
754.593992 86.847793
756.468778 86.823899
758.344888 86.800391
760.222299 86.777260
762.100993 86.754499
763.980950 86.732100
765.862150 86.710055
767.744574 86.688356
769.628204 86.666997
771.513022 86.645970
773.399010 86.625269
775.286150 86.604887
777.174425 86.584818
779.063818 86.565055
780.954314 86.545591
782.845895 86.526422
784.738547 86.507541
786.632252 86.488942
788.526997 86.470620
790.422766 86.452569
792.319545 86.434785
794.217319 86.417261
796.116073 86.399993
798.015795 86.382976
799.916470 86.366205
801.818085 86.349676
803.720628 86.333383
805.624084 86.317322
807.528441 86.301489
809.434211 86.285926
811.340958 86.270590
813.248562 86.255469
815.157150 86.240570
817.067047 86.225919
818.977761 86.211470
820.889281 86.197219
822.801958 86.183194
824.715652 86.169381
826.630113 86.155754
828.545333 86.142311
830.461871 86.129097
832.379153 86.116061
834.297158 86.103198
836.216073 86.090522
838.136062 86.078046
840.056741 86.065732
841.978101 86.053580
843.900522 86.041619
845.823769 86.029827
847.747665 86.018186
849.672231 86.006698
851.597945 85.995400
853.524279 85.984246
855.451226 85.973233
857.378988 85.962377
859.307667 85.951685
861.236931 85.941126
863.166773 85.930698
865.097188 85.920400
867.028166 85.910228
868.959703 85.900181
870.891791 85.890257
872.824423 85.880454
874.757593 85.870769
876.691296 85.861202
878.625523 85.851750
880.560270 85.842410
882.495530 85.833183
884.431297 85.824065
886.367566 85.815054
888.304330 85.806151
890.241584 85.797351
892.179322 85.788655
894.117539 85.780060
896.056229 85.771565
897.995387 85.763168
899.935007 85.754868
901.875084 85.746663
903.815614 85.738553
905.756591 85.730534
907.698009 85.722606
909.639865 85.714769
911.582154 85.707019
913.524869 85.699356
915.468008 85.691780
917.411565 85.684287
919.355535 85.676878
921.299915 85.669550
923.244699 85.662304
925.189884 85.655137
927.135464 85.648048
929.081437 85.641037
931.027797 85.634102
932.974540 85.627241
934.921663 85.620455
936.869161 85.613742
938.817030 85.607101
940.765267 85.600530
942.713868 85.594029
944.662828 85.587598
946.612144 85.581234
948.561813 85.574937
950.511831 85.568706
952.462194 85.562540
954.412898 85.556438
956.363940 85.550400
958.315317 85.544424
960.267026 85.538510
962.219062 85.532656
964.171423 85.526862
966.124105 85.521128
968.077105 85.515452
970.030420 85.509833
971.984047 85.504271
973.937983 85.498765
975.892224 85.493314
977.846768 85.487918
979.801612 85.482575
981.756752 85.477286
983.712186 85.472048
985.667910 85.466863
987.623923 85.461728
989.580222 85.456644
991.536802 85.451610
993.493663 85.446624
995.450801 85.441687
997.408213 85.436798
999.365897 85.431956
1001.323850 85.427160
1003.282071 85.422411
1005.240555 85.417707
1007.199301 85.413047
1009.158306 85.408432
1011.117568 85.403861
1013.077085 85.399332
1015.036854 85.394846
1016.996872 85.390403
1018.957138 85.386000
1020.917649 85.381639
1022.878403 85.377319
1024.839398 85.373038
1026.800631 85.368797
1028.762100 85.364595
1030.723804 85.360431
1032.685739 85.356306
1034.647905 85.352218
1036.610298 85.348167
1038.572917 85.344153
1040.535760 85.340175
