200.000000 120.000000
202.000000 120.000000
204.000000 120.000000
206.000000 120.000000
208.000000 120.000000
210.000000 120.000000
212.000000 120.000000
214.000000 120.000000
216.000000 120.000000
218.000000 120.000000
220.000000 120.000000
222.000000 120.000000
224.000000 120.000000
226.000000 120.000000
228.000000 120.000000
230.000000 120.000000
231.990083 120.017177
233.970248 120.051532
235.950413 120.085887
237.930578 120.120242
239.910744 120.154597
241.890909 120.188952
243.832523 120.290079
245.774136 120.391207
247.715750 120.492335
249.657364 120.593463
251.598978 120.694591
253.522403 120.827222
255.427227 120.992072
257.332051 121.156921
259.236875 121.321771
261.141529 121.486915
263.027983 121.683582
264.897430 121.909707
266.748871 122.167019
268.599298 122.426087
270.468269 122.653036
272.337628 122.879313
274.189895 123.135194
276.024560 123.421562
277.858942 123.708421
279.693165 123.995556
281.527228 124.282966
283.361945 124.569245
285.162390 124.914884
286.962699 125.260760
288.762871 125.606873
290.562661 125.953646
292.362261 126.300749
294.128748 126.705205
295.895623 127.108990
297.662184 127.513318
299.428453 127.918152
301.194481 128.323404
302.960772 128.728199
304.710910 129.160973
306.444563 129.622300
308.178018 130.083969
309.911258 130.546010
311.644176 131.008610
313.360824 131.499390
315.078166 131.988968
316.779251 132.506704
318.480228 133.024628
320.180834 133.543193
321.881331 134.061947
323.582274 134.579929
325.251767 135.152383
326.920999 135.725291
328.590166 136.298310
330.242927 136.899747
331.912010 137.472912
333.565211 138.073585
335.203348 138.700350
336.841263 139.327500
338.479138 139.954718
340.116835 140.582246
341.754783 141.209338
343.392921 141.836102
345.000462 142.515861
346.607952 143.195707
348.215297 143.875806
349.822454 144.556230
351.430071 145.235858
353.038089 145.914790
354.615661 146.646457
356.193149 147.378270
357.787976 148.080050
359.355919 148.828394
360.933913 149.559329
362.512323 150.289546
364.060655 151.071857
365.609209 151.853785
367.157736 152.635759
368.706321 153.417632
370.255461 154.198545
371.805286 154.978271
373.325096 155.809983
374.845078 156.641399
376.372379 157.460139
377.892968 158.290503
379.395552 159.152052
380.914718 159.984881
382.404288 160.868972
383.886717 161.765431
385.376915 162.648435
386.867399 163.530943
388.356226 164.416319
389.843255 165.304811
391.281460 166.277870
392.724539 167.242485
394.183310 168.179920
395.642273 169.117025
397.117757 170.025513
398.573874 170.967545
400.015685 171.934357
401.436325 172.937837
402.884082 173.894351
404.349923 174.819542
405.833781 175.713526
407.341508 176.566168
408.850236 177.417075
410.367459 178.253270
411.899696 179.063460
413.449151 179.843826
415.015131 180.595570
416.614153 181.290085
418.213965 181.983231
419.814566 182.675009
421.431003 183.339360
423.063275 183.976284
424.696402 184.611728
426.360767 185.193065
428.025156 185.774360
429.689569 186.355613
431.369309 186.910319
433.064376 187.438478
434.759746 187.966114
436.486063 188.440147
438.180651 188.969136
439.905906 189.445008
441.646222 189.894794
443.401599 190.318493
445.172417 190.715448
446.958675 191.085660
448.728073 191.485074
450.512532 191.858402
452.312013 192.205711
454.126516 192.527001
455.956500 192.821478
457.801966 193.089139
459.630078 193.386857
461.473362 193.658297
463.331853 193.903398
465.205551 194.122160
467.094999 194.313642
469.000196 194.477845
470.920905 194.615181
472.857126 194.725649
474.808975 194.809050
476.776451 194.865383
478.760189 194.893549
480.760189 194.893549
482.760189 194.893549
484.760189 194.893549
486.760189 194.893549
488.760189 194.893549
490.760189 194.893549
492.760189 194.893549
494.760189 194.893549
496.760189 194.893549
498.760189 194.893549
500.760189 194.893549
502.760189 194.893549
504.760189 194.893549
506.760189 194.893549
508.760189 194.893549
510.760189 194.893549
512.760189 194.893549
514.760189 194.893549
516.760189 194.893549
518.760189 194.893549
520.760189 194.893549
522.760189 194.893549
524.760189 194.893549
526.760189 194.893549
528.760189 194.893549
530.760189 194.893549
532.760189 194.893549
534.760189 194.893549
536.760189 194.893549
538.760189 194.893549
540.760189 194.893549
542.760189 194.893549
544.760189 194.893549
546.760189 194.893549
548.760189 194.893549
550.755841 194.874966
552.695809 194.632794
554.522791 193.985692
556.253624 193.067763
557.917932 192.034426
559.519144 190.911981
561.060640 189.720121
562.545522 188.473888
563.975671 187.183535
565.354782 185.861110
566.693325 184.526748
567.983874 183.169722
569.234604 181.805735
570.453325 180.445632
571.628874 179.074844
572.784394 177.724675
573.897945 176.366069
574.998282 175.035243
576.060546 173.701158
577.111980 172.395404
578.135707 171.098227
579.139383 169.816841
580.136968 168.566282
581.101948 167.317025
582.067519 166.102836
583.018298 164.907395
583.945589 163.720853
584.879413 162.571586
585.800111 161.440146
586.700445 160.318721
587.608445 159.232026
588.515305 158.171274
589.399204 157.116584
590.286910 156.090044
591.184527 155.095771
592.072279 154.116781
592.946007 153.148847
593.829562 152.210213
594.724291 151.300925
595.615510 150.409019
596.492606 149.525763
597.378513 148.667528
598.276498 147.835849
599.183938 147.028018
600.080841 146.229365
600.974880 145.444576
601.881711 144.683784
602.801430 143.946269
603.732900 143.230542
604.658470 142.524574
605.579805 141.828891
606.513684 141.153665
607.460981 140.498793
608.421725 139.863647
609.392928 139.245838
610.358865 138.635514
611.324677 138.035285
612.303993 137.452706
613.296975 136.887331
614.306309 136.339448
615.342209 135.811576
616.403835 135.302835
617.490372 134.812390
618.601031 134.339446
619.736030 133.883551
620.893642 133.443686
622.073019 133.019131
623.273484 132.609244
624.494384 132.213415
625.735090 131.831063
626.994996 131.461638
628.273515 131.104614
629.570084 130.759491
630.884160 130.425795
632.215220 130.103073
633.562761 129.790894
634.926296 129.488847
636.305359 129.196541
637.699499 128.913602
639.102617 128.637958
640.514169 128.369263
641.934022 128.107303
643.362042 127.851874
644.798098 127.602776
646.242061 127.359816
647.693800 127.122810
649.156681 126.892506
650.631404 126.668935
652.117643 126.451855
653.615086 126.241039
655.123430 126.036266
656.642384 125.837329
658.171668 125.644026
659.711264 125.456233
661.260948 125.273776
662.816912 125.095530
664.378801 124.921311
665.946513 124.751004
667.519950 124.584498
669.099013 124.421686
670.683608 124.262465
672.273639 124.106735
673.869014 123.954399
675.469643 123.805363
677.075435 123.659537
678.686304 123.516833
680.305355 123.377899
681.931439 123.242399
683.564390 123.110229
685.204048 122.981287
686.851115 122.855674
688.504689 122.733124
690.164501 122.613517
691.830411 122.496768
693.503135 122.382989
695.181783 122.271926
696.865168 122.163256
698.552373 122.056727
700.243337 121.952285
701.937998 121.849877
703.636294 121.749453
705.338166 121.650962
707.043555 121.554357
708.752406 121.459592
710.464660 121.366621
712.180263 121.275400
713.899162 121.185887
715.621303 121.098041
717.346634 121.011822
719.075105 120.927190
720.806664 120.844108
722.541264 120.762539
724.278856 120.682448
726.020581 120.604029
727.766033 120.527178
729.516269 120.452072
731.270034 120.378445
733.027721 120.306346
734.789522 120.235791
736.554641 120.166602
738.323899 120.098916
740.096615 120.032581
741.872630 119.967545
743.652666 119.903928
745.435694 119.841512
747.222295 119.780390
749.011131 119.720286
750.802167 119.661178
752.595371 119.603044
754.390711 119.545863
756.188155 119.489614
757.987674 119.434279
759.789235 119.379837
761.592810 119.326270
763.398368 119.273560
765.205883 119.221687
767.015325 119.170636
768.826666 119.120390
770.639880 119.070931
772.454940 119.022243
774.271820 118.974311
776.090493 118.927119
777.910935 118.880653
779.733121 118.834898
781.557026 118.789839
783.382627 118.745463
785.209900 118.701757
787.038822 118.658706
788.869370 118.616298
790.701522 118.574521
792.535255 118.533363
794.370550 118.492810
796.207383 118.452852
798.046152 118.413543
799.887208 118.374930
801.730130 118.336938
803.575281 118.299617
805.422228 118.262889
807.271354 118.226808
809.122203 118.191295
810.975186 118.156408
812.829819 118.122061
814.686547 118.088320
816.544851 118.055095
818.405217 118.022457
820.267083 117.990311
822.130984 117.958734
823.996308 117.927625
825.863643 117.897070
827.732124 117.866927
829.601738 117.837189
831.472470 117.807849
833.344306 117.778899
835.217232 117.750333
837.091235 117.722145
838.966301 117.694326
840.842418 117.666872
842.719572 117.639776
844.597751 117.613031
846.476942 117.586632
848.357133 117.560573
850.238311 117.534848
852.120466 117.509452
854.003585 117.484378
855.887656 117.459622
857.772669 117.435178
859.658612 117.411041
861.545473 117.387206
863.433244 117.363668
865.321911 117.340422
867.211466 117.317463
869.101897 117.294787
870.993195 117.272390
872.885349 117.250265
874.778350 117.228410
876.672188 117.206820
878.566852 117.185490
880.462335 117.164416
882.358626 117.143596
884.255716 117.123023
886.153596 117.102695
888.052258 117.082608
889.951692 117.062757
891.851889 117.043140
893.752843 117.023752
895.654543 117.004590
897.556981 116.985651
899.460151 116.966932
901.364042 116.948427
903.268648 116.930136
905.173961 116.912054
907.079973 116.894178
908.986676 116.876505
910.894063 116.859031
912.802126 116.841755
914.710859 116.824673
916.620254 116.807783
918.530497 116.791104
920.441850 116.774667
922.353839 116.758412
924.266889 116.742390
926.180774 116.726569
928.095294 116.710925
930.011032 116.695526
931.927363 116.680295
933.844537 116.665259
935.762663 116.650432
937.681360 116.635763
939.601099 116.621310
941.521534 116.607028
943.442601 116.592908
945.364738 116.579001
947.287408 116.565242
949.210904 116.551663
951.135223 116.538264
953.060055 116.525004
954.985902 116.511945
956.912334 116.499031
958.839258 116.486250
960.766671 116.473600
962.694567 116.461080
964.622941 116.448687
966.551789 116.436421
968.481106 116.424279
970.410888 116.412260
972.341130 116.400362
974.271827 116.388583
976.202975 116.376922
978.134571 116.365377
980.066609 116.353948
981.999085 116.342631
983.931995 116.331426
985.865336 116.320331
987.799102 116.309346
989.733290 116.298467
991.667896 116.287695
993.602916 116.277028
995.538346 116.266463
997.474183 116.256001
999.410421 116.245640
1001.347059 116.235378
1003.284092 116.225214
1005.221516 116.215147
1007.159328 116.205176
1009.097524 116.195299
1011.036101 116.185515
1012.975055 116.175824
1014.914383 116.166224
1016.854081 116.156713
1018.794146 116.147292
1020.734575 116.137957
1022.675365 116.128710
1024.616512 116.119548
1026.558013 116.110470
1028.499865 116.101476
1030.442064 116.092565
1032.384609 116.083734
1034.327495 116.074984
1036.270719 116.066314
1038.214279 116.057722
1040.158172 116.049208
1042.102395 116.040770
1044.046945 116.032408
1045.991818 116.024121
