200.000000 150.000000
202.000000 150.000000
204.000000 150.000000
206.000000 150.000000
208.000000 150.000000
210.000000 150.000000
212.000000 150.000000
214.000000 150.000000
215.980165 150.034355
217.960330 150.068710
219.940496 150.103064
221.920661 150.137419
223.900826 150.171774
225.842440 150.272902
227.784054 150.374030
229.725667 150.475158
231.667281 150.576286
233.608895 150.677414
235.532114 150.810403
237.436938 150.975252
239.341762 151.140102
241.246586 151.304952
243.151325 151.469949
245.046585 151.651363
246.916032 151.877488
248.785479 152.103613
250.654779 152.329990
252.523915 152.556654
254.392886 152.783603
256.245153 153.039484
258.079819 153.325852
259.914342 153.612465
261.748724 153.899324
263.582787 154.186735
265.417129 154.473664
267.234710 154.789623
269.035155 155.135262
270.835327 155.481375
272.635271 155.827881
274.434966 156.174820
276.235296 156.520659
278.002171 156.924444
279.768864 157.328542
281.535354 157.732994
283.301473 158.138087
285.050747 158.572358
286.817258 158.976773
288.551087 159.437795
290.284611 159.899345
292.017851 160.361385
293.750858 160.823832
295.484098 161.285873
297.201486 161.775372
298.902697 162.292890
300.603740 162.810699
302.314613 163.311480
303.998872 163.858361
305.699919 164.376161
307.385138 164.921379
309.054532 165.494004
310.723699 166.067024
312.392504 166.640671
314.044709 167.243070
315.713968 167.815930
317.367695 168.415692
319.005673 169.042734
320.643636 169.669800
322.281282 170.297414
323.918957 170.924980
325.557137 171.551671
327.180035 172.204831
328.777562 172.901934
330.385053 173.581780
331.992231 174.262168
333.599578 174.942262
335.207457 175.621437
336.817122 176.297517
338.394609 177.029330
339.972333 177.760733
341.549823 178.492543
343.127520 179.223993
344.674806 180.008117
346.238208 180.764326
347.786532 181.546652
349.335074 182.328601
350.868416 183.136875
352.417168 183.918461
353.966698 184.698697
355.491888 185.521091
356.993185 186.384872
358.513406 187.215873
360.000627 188.104032
361.537270 188.906590
363.057626 189.737357
364.561835 190.596093
366.033901 191.510502
367.524043 192.393601
369.014527 193.276109
370.515748 194.140019
371.987631 195.054744
373.459823 195.968935
374.917624 196.908051
376.358564 197.876371
377.800309 198.843297
379.255034 199.787742
380.730624 200.696046
382.172487 201.662768
383.583097 202.683621
385.030944 203.639979
386.480210 204.593878
387.963656 205.488575
389.487024 206.314126
390.995685 207.165151
392.475767 208.065674
394.007997 208.875877
395.573556 209.628349
397.139098 210.380854
398.738119 211.075369
400.337274 211.769653
401.922832 212.487489
403.523341 213.179427
405.155613 213.816351
406.787866 214.453306
408.467610 215.008006
410.116426 215.616275
411.796013 216.171246
413.475712 216.726025
415.186027 217.227774
416.881094 217.755933
418.607411 218.229966
420.318023 218.731200
422.043278 219.207072
423.768533 219.682945
425.523910 220.106644
427.279288 220.530343
429.065546 220.900554
430.835844 221.298410
432.620303 221.671738
434.404762 222.045066
436.219265 222.366356
438.033768 222.687647
439.879233 222.955309
441.708436 223.251137
443.551720 223.522577
445.395004 223.794017
447.268702 224.012779
449.142400 224.231540
451.047597 224.395744
452.952794 224.559947
454.872754 224.698582
456.808975 224.809050
458.776451 224.865383
460.760189 224.893549
462.760189 224.893549
464.760189 224.893549
466.760189 224.893549
468.760189 224.893549
470.760189 224.893549
472.760189 224.893549
474.760189 224.893549
476.760189 224.893549
478.760189 224.893549
480.760189 224.893549
482.760189 224.893549
484.760189 224.893549
486.760189 224.893549
488.760189 224.893549
490.760189 224.893549
492.760189 224.893549
494.760189 224.893549
496.760189 224.893549
498.760189 224.893549
500.760189 224.893549
502.760189 224.893549
504.760189 224.893549
506.760189 224.893549
508.760189 224.893549
510.760189 224.893549
512.760189 224.893549
514.760189 224.893549
516.760189 224.893549
518.760189 224.893549
520.760189 224.893549
522.760189 224.893549
524.760189 224.893549
526.760189 224.893549
528.760189 224.893549
530.760189 224.893549
532.760189 224.893549
534.760189 224.893549
536.760189 224.893549
538.760189 224.893549
540.760189 224.893549
542.760189 224.893549
544.760189 224.893549
546.760189 224.893549
548.760189 224.893549
550.760189 224.893549
552.760189 224.893549
554.760189 224.893549
556.760189 224.893549
558.742869 224.820223
560.677398 224.555085
562.546496 224.052455
564.376462 223.449964
566.178830 222.798240
567.947629 222.085456
569.680905 221.315610
571.390779 220.522782
573.061615 219.673613
574.711252 218.812766
576.325354 217.910464
577.918014 216.999394
579.478523 216.058613
581.020444 215.116332
582.529520 214.146628
584.026948 213.188028
585.488316 212.199594
586.944434 211.231811
588.366123 210.239461
589.777355 209.258677
591.173976 208.283742
592.540786 207.292502
593.908446 206.327652
595.250376 205.353263
596.575906 204.381121
597.903565 203.434820
599.204657 202.478278
600.493926 201.529077
601.787326 200.605920
603.060795 199.680446
604.317552 198.755847
605.579517 197.856439
606.837276 196.971335
608.069481 196.077215
609.303243 195.202457
610.543020 194.351044
611.771356 193.504904
612.981083 192.656463
614.196604 191.829453
615.418811 191.024076
616.633184 190.226223
617.829313 189.425820
619.030861 188.644370
620.239649 187.882964
621.452016 187.137853
622.646136 186.389685
623.837529 185.651559
625.036611 184.932002
626.243383 184.230502
627.453190 183.542811
628.646390 182.852700
629.839069 182.172848
631.039775 181.509729
632.248488 180.862889
633.465187 180.231886
634.675425 179.605484
635.874413 178.979822
637.080102 178.368085
638.294005 177.771034
639.516082 177.188276
640.746290 176.619428
641.973102 176.056119
643.189161 175.492989
644.410952 174.941303
645.641013 174.402524
646.879289 173.876312
648.125724 173.362335
649.379711 172.859916
650.628282 172.360413
651.869598 171.862459
653.117961 171.375103
654.374481 170.898813
655.639092 170.433300
656.911723 169.978286
658.192306 169.533498
659.478107 169.097078
660.756677 168.661402
662.032826 168.229211
663.316922 167.806530
664.608890 167.393117
665.908652 166.988734
667.216132 166.593153
668.531251 166.206149
669.853934 165.827504
671.184100 165.457007
672.521672 165.094451
673.866572 164.739635
675.218719 164.392364
676.578036 164.052447
677.944444 163.719699
679.317863 163.393940
680.698215 163.074994
682.085421 162.762692
683.479402 162.456867
684.880080 162.157357
686.287377 161.864006
687.701214 161.576661
689.121515 161.295173
690.548202 161.019398
691.981198 160.749194
693.422068 160.484925
694.873676 160.227342
696.335780 159.976245
697.808144 159.731440
699.290539 159.492744
700.782744 159.259978
702.284541 159.032969
703.795723 158.811551
705.316086 158.595565
706.845433 158.384855
708.383571 158.179273
709.930316 157.978675
711.485486 157.782921
713.049107 157.591940
714.620813 157.405542
716.200435 157.223602
717.787813 157.045997
719.382786 156.872612
720.985204 156.703333
722.594915 156.538050
724.211775 156.376658
725.835642 156.219053
727.465139 156.064760
729.098442 155.913173
730.735500 155.764231
732.376262 155.617877
734.020678 155.474054
735.668698 155.332705
737.320275 155.193777
738.975361 155.057217
740.633909 154.922974
742.295871 154.790998
743.961204 154.661240
745.629861 154.533653
747.301798 154.408190
748.976972 154.284806
750.656985 154.163896
752.342186 154.045519
754.032481 153.929612
755.727779 153.816118
757.428285 153.705058
759.133790 153.596344
760.844030 153.489875
762.558922 153.385598
764.278385 153.283463
766.002178 153.183378
767.728582 153.084856
769.457564 152.987867
771.189088 152.892380
772.923124 152.798365
774.659637 152.705794
776.398596 152.614636
778.139969 152.524865
779.883726 152.436453
781.629835 152.349374
783.378267 152.263602
785.128993 152.179111
786.881982 152.095876
788.637206 152.013875
790.394637 151.933082
792.154248 151.853475
793.916010 151.775032
795.679896 151.697730
797.445881 151.621547
799.213938 151.546464
800.985051 151.472692
802.759248 151.400221
804.536861 151.329111
806.317763 151.259319
808.101599 151.190748
809.888353 151.123378
811.678600 151.057330
813.471642 150.992428
815.267439 150.928649
817.066318 150.866056
818.868158 150.804609
820.672036 150.744083
822.477564 150.684378
824.284722 150.625478
826.093490 150.567371
827.903849 150.510042
829.715781 150.453477
831.529267 150.397664
833.344288 150.342589
835.160826 150.288240
836.978864 150.234604
838.798384 150.181668
840.619369 150.129422
842.441801 150.077853
844.265664 150.026950
846.090942 149.976701
847.917618 149.927096
849.745675 149.878123
851.575099 149.829773
853.405873 149.782035
855.237983 149.734899
857.071413 149.688355
858.906147 149.642392
860.742172 149.597003
862.579474 149.552177
864.418036 149.507905
866.257846 149.464178
868.098890 149.420987
869.941154 149.378325
871.784624 149.336182
873.630009 149.294690
875.477026 149.253788
877.326302 149.213591
879.177096 149.173950
881.029845 149.134943
882.884386 149.096534
884.740460 149.058665
886.598653 149.021446
888.458260 148.984735
890.319725 148.948612
892.182852 148.913034
894.047438 148.877957
895.913998 148.843477
897.781629 148.809412
899.650219 148.775737
901.519758 148.742447
903.390235 148.709535
905.261642 148.676996
907.133967 148.644824
909.007202 148.613014
910.881338 148.581561
912.756364 148.550458
914.632272 148.519702
916.509053 148.489287
918.386697 148.459208
920.265196 148.429460
922.144542 148.400039
924.024725 148.370939
925.905737 148.342157
927.787569 148.313686
929.670215 148.285524
931.553664 148.257666
933.437910 148.230107
935.322944 148.202843
937.208758 148.175870
939.095345 148.149184
940.982698 148.122781
942.870808 148.096657
944.759667 148.070808
946.649270 148.045230
948.539608 148.019919
950.430675 147.994873
952.322462 147.970086
954.214964 147.945557
956.108173 147.921280
958.002083 147.897253
959.896686 147.873473
961.791977 147.849935
963.687948 147.826637
965.584593 147.803576
967.481906 147.780748
969.379880 147.758150
971.278510 147.735779
973.177788 147.713633
975.077710 147.691707
976.978268 147.670000
978.879457 147.648509
980.781271 147.627230
982.684081 147.606220
984.587862 147.585474
986.492578 147.564983
988.398286 147.544755
990.304869 147.524770
992.212465 147.505046
994.120875 147.485552
996.030322 147.466319
997.940523 147.447303
999.851784 147.428549
1001.763739 147.409997
1003.676777 147.391708
1005.590451 147.373610
1007.505233 147.355775
1009.420591 147.338117
1011.337082 147.320723
1013.254073 147.303492
1015.171562 147.286422
1017.089542 147.269510
1019.008011 147.252755
1020.926963 147.236154
1022.846395 147.219706
1024.766302 147.203409
1026.686680 147.187261
1028.607525 147.171261
1030.528833 147.155406
1032.450600 147.139695
1034.372822 147.124126
1036.295495 147.108698
1038.218616 147.093408
1040.142180 147.078255
1042.066184 147.063238
1043.990624 147.048354
1045.915496 147.033603
1047.840796 147.018982
1049.766522 147.004491
1051.692669 146.990127
