199.970248 180.051532
201.950413 180.085887
203.930578 180.120242
205.910744 180.154597
207.871633 180.222338
209.803329 180.340643
211.744943 180.441771
213.686557 180.542899
215.628171 180.644027
217.569991 180.744797
219.474815 180.909647
221.379639 181.074497
223.284463 181.239346
225.189202 181.404343
227.093856 181.569487
228.981308 181.764425
230.850755 181.990550
232.720129 182.216802
234.589430 182.443179
236.458401 182.670128
238.327759 182.896406
240.162486 183.182668
241.997151 183.469036
243.831533 183.755895
245.665756 184.043030
247.499770 184.330525
249.299097 184.678102
251.099542 185.023740
252.899714 185.369853
254.699849 185.716029
256.481855 186.093606
258.281820 186.440078
260.065307 186.815088
261.832025 187.219144
263.598587 187.623472
265.364855 188.028306
267.130792 188.433716
268.897315 188.838110
270.631191 189.299050
272.364844 189.760377
274.080837 190.252292
275.813843 190.714738
277.546761 191.177338
279.280109 191.639193
280.965178 192.184669
282.666209 192.702498
284.367044 193.220668
286.067564 193.739383
287.768377 194.257589
289.469300 194.775605
291.138671 195.348272
292.807838 195.921291
294.476866 196.494552
296.145602 197.068319
297.833436 197.609006
299.502656 198.181933
301.140793 198.808698
302.778756 199.435764
304.416550 200.063123
306.054225 200.690689
307.709889 201.287096
309.332346 201.941020
310.924331 202.647723
312.550048 203.296000
314.157259 203.976331
315.764489 204.656629
317.356796 205.362773
318.949492 206.068245
320.526948 206.800112
322.104521 207.531778
323.681868 208.263833
325.259522 208.995358
326.837740 209.725907
328.400978 210.482400
329.930627 211.297071
331.460308 212.111689
332.999149 212.910439
334.547885 213.692051
336.079499 214.503321
337.629323 215.283047
339.149122 216.114779
340.669420 216.945648
342.189650 217.776635
343.695139 218.633153
345.216582 219.462038
346.752162 220.266437
348.241624 221.150714
349.713268 222.065853
351.186180 222.978797
352.676944 223.860819
354.145579 224.781171
355.618252 225.694528
357.096424 226.598361
358.554547 227.536918
360.023435 228.456832
361.463077 229.427400
362.918292 230.370996
364.374968 231.312060
365.786923 232.330585
367.224814 233.304186
368.675522 234.255588
370.159098 235.150060
371.626445 236.072642
373.150354 236.897256
374.663169 237.741085
376.195492 238.551126
377.729518 239.358215
379.295078 240.110688
380.877335 240.834239
382.476357 241.528754
384.044973 242.275934
385.629652 242.995291
387.262053 243.631991
388.894325 244.268914
390.543459 244.876632
392.207824 245.457969
393.872238 246.039222
395.536651 246.620475
397.231848 247.148409
398.926915 247.676568
400.652913 248.151154
402.379230 248.625186
404.089480 249.127049
405.814735 249.602921
407.570243 250.026393
409.325621 250.450092
411.111556 250.820863
412.897814 251.191074
414.667139 251.590616
416.451598 251.963944
418.266233 252.285005
420.080736 252.606295
421.910571 252.901030
423.739774 253.196858
425.567098 253.495942
427.395004 253.794017
429.268702 254.012779
431.142400 254.231540
433.047597 254.395744
434.952794 254.559947
436.889016 254.670415
438.825237 254.780883
440.792713 254.837216
442.760189 254.893549
444.760189 254.893549
446.760189 254.893549
448.760189 254.893549
450.760189 254.893549
452.760189 254.893549
454.760189 254.893549
456.760189 254.893549
458.760189 254.893549
460.760189 254.893549
462.760189 254.893549
464.760189 254.893549
466.760189 254.893549
468.760189 254.893549
470.760189 254.893549
472.760189 254.893549
474.760189 254.893549
476.760189 254.893549
478.760189 254.893549
480.760189 254.893549
482.760189 254.893549
484.760189 254.893549
486.760189 254.893549
488.760189 254.893549
490.760189 254.893549
492.760189 254.893549
494.760189 254.893549
496.760189 254.893549
498.760189 254.893549
500.760189 254.893549
502.760189 254.893549
504.760189 254.893549
506.760189 254.893549
508.760189 254.893549
510.760189 254.893549
512.760189 254.893549
514.760189 254.893549
516.760189 254.893549
518.760189 254.893549
520.760189 254.893549
522.760189 254.893549
524.760189 254.893549
526.760189 254.893549
528.760189 254.893549
530.760189 254.893549
532.760189 254.893549
534.760189 254.893549
536.760189 254.893549
538.760189 254.893549
540.760189 254.893549
542.760189 254.893549
544.760189 254.893549
546.760189 254.893549
548.760189 254.893549
550.760189 254.893549
552.760189 254.893549
554.760189 254.893549
556.760189 254.893549
558.760189 254.893549
560.760189 254.893549
562.760189 254.893549
564.756577 254.878047
566.726237 254.750610
568.657539 254.472231
570.550846 254.062882
572.432643 253.635327
574.288490 253.144499
576.133922 252.644201
577.951029 252.083817
579.760193 251.523910
581.539125 250.907349
583.310867 250.294579
585.055419 249.639397
586.785982 248.973385
588.503421 248.300342
590.192699 247.588375
591.879270 246.891731
593.537714 246.160330
595.183479 245.424570
596.823555 244.698212
598.432751 243.935735
600.037327 243.184212
601.633813 242.437790
603.200856 241.660880
604.766016 240.898911
606.325267 240.145303
607.855289 239.364025
609.383008 238.596140
610.910317 237.844073
612.410658 237.069613
613.903040 236.299665
615.397767 235.548293
616.881493 234.797258
618.341776 234.029929
619.803932 233.279423
621.268906 232.546408
622.715540 231.804383
624.147287 231.057446
625.582588 230.327872
627.021459 229.615150
628.444554 228.896669
629.852124 228.172555
631.263765 227.464917
632.679531 226.773343
634.091150 226.088550
635.481059 225.391543
636.872041 224.706450
638.267604 224.036611
639.667760 223.381631
641.057768 222.726455
642.431592 222.064904
643.809685 221.417114
645.192752 220.783424
646.580788 220.163476
647.963693 219.547550
649.329177 218.924048
650.697627 218.311735
652.071362 217.712453
653.450364 217.125881
654.833952 216.551126
656.204900 215.973008
657.566574 215.394322
658.933754 214.827667
660.306430 214.272765
661.684575 213.729331
663.068157 213.197086
664.444225 212.665340
665.808421 212.130454
667.177131 211.605508
668.551472 211.091173
669.931404 210.587199
671.316889 210.093338
672.707544 209.609093
674.090092 209.124298
675.463277 208.637913
676.841473 208.160605
678.225322 207.692669
679.614780 207.233886
681.009802 206.784045
682.410343 206.342938
683.813007 205.908025
685.204439 205.469855
686.593944 205.034849
687.989064 204.608137
689.389749 204.189532
690.795949 203.778849
692.207616 203.375909
693.624698 202.980539
695.047048 202.592503
696.464547 202.205123
697.873887 201.816185
699.287002 201.433337
700.705540 201.057525
702.129449 200.688593
703.558676 200.326391
704.993171 199.970770
706.432880 199.621586
707.877753 199.278699
709.325267 198.940490
710.765000 198.600635
712.201886 198.262040
713.643962 197.929440
715.091176 197.602708
716.543475 197.281718
718.000808 196.966347
719.463122 196.656477
720.930366 196.351990
722.402488 196.052773
723.879437 195.758714
725.361164 195.469706
726.847618 195.185641
728.338749 194.906417
729.834508 194.631933
731.334845 194.362090
732.839713 194.096791
734.349063 193.835943
735.862846 193.579454
737.381017 193.327234
738.903527 193.079196
740.430330 192.835254
741.961380 192.595324
743.496631 192.359325
745.036037 192.127178
746.579555 191.898803
748.127138 191.674126
749.678743 191.453072
751.234327 191.235569
752.793845 191.021545
754.357256 190.810931
755.924517 190.603660
757.495585 190.399666
759.070419 190.198883
760.648978 190.001248
762.231221 189.806701
763.817108 189.615180
765.406599 189.426627
766.999655 189.240984
768.596236 189.058195
770.196303 188.878204
771.799819 188.700958
773.406746 188.526404
775.017046 188.354491
776.630682 188.185169
778.247618 188.018388
779.867817 187.854100
781.491244 187.692258
783.120504 187.533621
784.755445 187.378100
786.395974 187.225628
788.041999 187.076139
789.693430 186.929567
791.350182 186.785850
793.012167 186.644926
794.679302 186.506736
796.351506 186.371223
798.028699 186.238329
799.710802 186.107999
801.397748 185.980184
803.089681 185.854898
804.786299 185.732019
806.487529 185.611499
808.193302 185.493289
809.903547 185.377343
811.618198 185.263613
813.337188 185.152057
815.060454 185.042629
816.787930 184.935288
818.519555 184.829992
820.255419 184.726747
821.993382 184.624880
823.733422 184.524367
825.475515 184.425184
827.219639 184.327310
828.965772 184.230722
830.713893 184.135398
832.463979 184.041317
834.216009 183.948457
835.969962 183.856800
837.725818 183.766323
839.483556 183.677009
841.243156 183.588837
843.004597 183.501789
844.767861 183.415846
846.532927 183.330989
848.299777 183.247202
850.068391 183.164467
851.838751 183.082767
853.610839 183.002085
855.384636 182.922404
857.160816 182.843894
858.939983 182.766703
860.722163 182.690826
862.507556 182.616303
864.295813 182.543029
866.086896 182.470981
867.880768 182.400138
869.677394 182.330480
871.477027 182.262062
873.279417 182.194807
875.083527 182.128428
876.889053 182.062834
878.695983 181.998014
880.504300 181.933955
882.313990 181.870646
884.125041 181.808076
885.937437 181.746233
887.751165 181.685106
889.566212 181.624685
891.382565 181.564958
893.200209 181.505917
895.019133 181.447549
896.839323 181.389846
898.660767 181.332797
900.483453 181.276393
902.307367 181.220624
904.132498 181.165480
905.958834 181.110954
907.786362 181.057035
909.615072 181.003716
911.444951 180.950986
913.275988 180.898838
915.108172 180.847264
916.941492 180.796254
918.775936 180.745801
920.611493 180.695898
922.448154 180.646536
924.285907 180.597707
926.124969 180.549457
927.966089 180.501952
929.809184 180.455168
931.654007 180.409042
933.500635 180.363586
935.349357 180.318861
937.199745 180.274763
939.051782 180.231283
940.905861 180.188506
942.761628 180.146346
944.618984 180.104776
946.478156 180.063842
948.338233 180.023330
950.199209 179.983235
952.061074 179.943552
953.923820 179.904273
955.787440 179.865395
957.651924 179.826912
959.517266 179.788818
961.383457 179.751109
963.250489 179.713779
965.118355 179.676823
966.987048 179.640237
968.856559 179.604015
970.726881 179.568153
972.598007 179.532646
974.469930 179.497489
976.342643 179.462678
978.216138 179.428209
980.090408 179.394077
981.965447 179.360277
983.841248 179.326806
985.717804 179.293659
987.595108 179.260833
989.473153 179.228322
991.351934 179.196124
993.231444 179.164233
995.111676 179.132647
996.992624 179.101362
998.874281 179.070373
1000.756643 179.039677
1002.639702 179.009270
1004.523452 178.979150
1006.407888 178.949311
1008.293003 178.919752
1010.178792 178.890467
1012.065249 178.861455
1013.952369 178.832711
1015.840145 178.804233
1017.728572 178.776016
1019.617645 178.748059
1021.507358 178.720358
1023.397706 178.692909
1025.289424 178.665854
1027.182018 178.639094
1029.075878 178.612703
1030.970762 178.586631
1032.866638 178.560870
1034.763770 178.535469
1036.661730 178.510342
1038.560960 178.485575
1040.461106 178.461095
1042.362256 178.436918
1044.264547 178.413068
1046.167623 178.389475
1048.071978 178.366232
1049.976864 178.343193
1051.882275 178.320354
1053.788208 178.297714
1055.694659 178.275271
1057.601622 178.253021
