200.000000 90.000000
202.000000 90.000000
204.000000 90.000000
206.000000 90.000000
208.000000 90.000000
210.000000 90.000000
212.000000 90.000000
214.000000 90.000000
216.000000 90.000000
218.000000 90.000000
220.000000 90.000000
222.000000 90.000000
224.000000 90.000000
226.000000 90.000000
228.000000 90.000000
230.000000 90.000000
232.000000 90.000000
234.000000 90.000000
236.000000 90.000000
238.000000 90.000000
240.000000 90.000000
242.000000 90.000000
244.000000 90.000000
246.000000 90.000000
248.000000 90.000000
250.000000 90.000000
252.000000 90.000000
254.000000 90.000000
256.000000 90.000000
258.000000 90.000000
260.000000 90.000000
262.000000 90.000000
264.000000 90.000000
266.000000 90.000000
268.000000 90.000000
270.000000 90.000000
272.000000 90.000000
274.000000 90.000000
276.000000 90.000000
278.000000 90.000000
280.000000 90.000000
282.000000 90.000000
284.000000 90.000000
286.000000 90.000000
288.000000 90.000000
290.000000 90.000000
292.000000 90.000000
294.000000 90.000000
296.000000 90.000000
298.000000 90.000000
300.000000 90.000000
301.999692 90.035297
303.999384 90.070593
305.999076 90.105890
307.998768 90.141187
309.995996 90.247034
311.993224 90.352881
313.990453 90.458728
315.985219 90.599786
317.977523 90.776054
319.969827 90.952323
321.962131 91.128591
323.950745 91.339963
325.935670 91.586438
327.920595 91.832914
329.905520 92.079389
331.880620 92.395770
333.855720 92.712152
335.830821 93.028534
337.799792 93.379676
339.762636 93.765335
341.725482 94.150750
343.688328 94.536166
345.646297 94.920896
347.594483 95.374876
349.542686 95.828370
351.490889 96.281863
353.422014 96.803853
355.353172 97.325357
357.284365 97.846376
359.205829 98.401324
361.117563 98.990201
363.029400 99.578110
364.941236 100.166019
366.848294 100.752737
368.738383 101.407302
370.628541 102.061386
372.518698 102.715469
374.384711 103.435888
376.250808 104.155828
378.116990 104.875288
379.969950 105.627475
381.809687 106.412389
383.649626 107.196350
385.489566 107.980311
387.324878 108.762588
389.133794 109.645292
390.945257 110.492799
392.756719 111.340306
394.537235 112.251262
396.317885 113.161749
398.098670 114.071769
399.862884 115.012954
401.610526 115.985304
403.358470 116.956728
405.100369 117.962433
406.843887 118.931699
408.556701 119.963801
410.269681 120.995446
411.982661 122.027091
413.658232 123.118602
415.333986 124.209662
417.009922 125.300271
418.666120 126.420142
420.302581 127.569275
421.939437 128.717519
423.566699 129.899224
425.199380 131.044858
426.794956 132.249776
428.390746 133.454256
429.986535 134.658736
431.538864 135.918844
433.091420 137.178523
434.644205 138.437771
436.174302 139.724059
437.681711 141.037385
439.189606 142.349868
440.717239 143.633089
442.188477 145.004078
443.649394 146.368610
445.110569 147.732728
446.571744 149.096847
447.983881 150.511746
449.396290 151.926242
450.808972 153.340334
452.196263 154.778945
453.558163 156.242075
454.943325 157.677379
456.305798 159.139722
457.668271 160.602065
459.031043 162.064024
460.394116 163.525599
461.757188 164.987175
463.103918 166.479485
464.467304 167.940688
465.831002 169.401517
467.220090 170.837828
468.583789 172.298658
469.948138 173.758764
471.312488 175.218870
472.676838 176.678976
474.061815 178.003673
475.547392 178.896466
477.174944 179.437652
478.909327 179.759698
480.789907 179.886832
482.764516 179.911351
484.764516 179.911351
486.764516 179.911351
488.764516 179.911351
490.764516 179.911351
492.764516 179.911351
494.764516 179.911351
496.764516 179.911351
498.764516 179.911351
500.764516 179.911351
502.764516 179.911351
504.764516 179.911351
506.764516 179.911351
508.764516 179.911351
510.764516 179.911351
512.764516 179.911351
514.764516 179.911351
516.764516 179.911351
518.764516 179.911351
520.764516 179.911351
522.764516 179.911351
524.764516 179.911351
526.764516 179.911351
528.764516 179.911351
530.764516 179.911351
532.764516 179.911351
534.764516 179.911351
536.764516 179.911351
538.764516 179.911351
540.764516 179.911351
542.764516 179.911351
544.764516 179.911351
546.764516 179.911351
548.764516 179.911351
550.764516 179.911351
552.764516 179.911351
554.764516 179.911351
556.764516 179.911351
558.713035 179.712304
560.389543 178.623772
561.784542 176.825079
562.939966 174.542654
563.882214 171.892150
564.624151 168.935975
565.201894 165.836196
565.654071 162.745298
565.983510 159.667178
566.188606 156.602324
566.264489 153.550216
566.202463 150.508947
565.973398 147.464713
565.549917 144.417053
564.849742 141.340359
563.713766 138.219944
562.114698 135.158576
560.818710 132.437784
559.767450 129.977523
558.930231 127.746887
558.268294 125.693733
557.761815 123.803265
557.395008 122.055023
557.131109 120.416252
556.988007 118.894673
556.945139 117.472545
556.972870 116.125858
557.096730 114.865750
557.303106 113.684252
557.570385 112.562137
557.892603 111.495205
558.291919 110.493084
558.753410 109.546890
559.260458 108.642711
559.809909 107.778406
560.416092 106.961013
561.078473 106.188180
561.790715 105.455849
562.525033 104.753944
563.287852 104.082892
564.096709 103.445849
564.949445 102.840673
565.843988 102.265371
566.778363 101.718099
567.750690 101.197141
568.759186 100.700907
569.793829 100.225714
570.847832 99.768949
571.920949 99.329804
573.016893 98.908417
574.141905 98.505458
575.294864 98.119931
576.476219 97.751261
577.682864 97.398097
578.913670 97.059591
580.167577 96.734951
581.443590 96.423438
582.742810 96.124834
584.056008 95.836588
585.382882 95.558262
586.723133 95.289441
588.076464 95.029726
589.442583 94.778737
590.821626 94.536197
592.219437 94.302928
593.632643 94.077982
595.060256 93.860884
596.505113 93.651925
597.963283 93.450097
599.434975 93.255207
600.921588 93.067311
602.419964 92.885591
603.931611 92.710146
605.455588 92.540613
606.990070 92.376464
608.532952 92.217140
610.084037 92.062460
611.643133 91.912253
613.210051 91.766352
614.784610 91.624602
616.366629 91.486850
617.955935 91.352952
619.552360 91.222771
621.155736 91.096174
622.765904 90.973034
624.384349 90.853488
626.011228 90.737463
627.645830 90.624755
629.288502 90.515330
630.938304 90.408958
632.595913 90.305664
634.260034 90.205170
635.931784 90.107580
637.609410 90.012548
639.294562 89.920270
640.984941 89.830320
642.682803 89.742995
644.385332 89.657794
646.095166 89.575080
647.809506 89.494358
649.528163 89.415551
651.251044 89.338601
652.978061 89.263450
654.709127 89.190043
656.444157 89.118329
658.183068 89.048256
659.925781 88.979775
661.672216 88.912839
663.422296 88.847403
665.175949 88.783422
666.933101 88.720855
668.693680 88.659660
670.457619 88.599799
672.224850 88.541233
673.995308 88.483925
675.768928 88.427841
677.545648 88.372945
679.325407 88.319206
681.108146 88.266591
682.893807 88.215069
684.682334 88.164611
686.475326 88.115390
688.271129 88.067179
690.069855 88.019974
691.872626 87.973890
693.677944 87.928724
695.486289 87.884517
697.298165 87.841311
699.112422 87.798948
700.929776 87.757500
702.750213 87.716948
704.572880 87.677170
706.398686 87.638266
708.227183 87.600163
710.057769 87.562775
711.891515 87.526219
713.727609 87.490382
715.565663 87.455204
717.406875 87.420820
719.250139 87.387081
721.095242 87.353952
722.942152 87.321416
724.790840 87.289461
726.641273 87.258073
728.493425 87.227237
730.347264 87.196943
732.202764 87.167176
734.059897 87.137925
735.918636 87.109178
737.778955 87.080924
739.640827 87.053152
741.504227 87.025850
743.369132 86.999009
745.235516 86.972617
747.103355 86.946666
748.972627 86.921145
750.843309 86.896045
752.715378 86.871356
754.588813 86.847071
756.463593 86.823179
758.339696 86.799674
760.217101 86.776546
762.095789 86.753788
763.975741 86.731391
765.856936 86.709348
767.739356 86.687653
769.622982 86.666296
771.507796 86.645273
773.393780 86.624575
775.280917 86.604196
777.169190 86.584129
779.058582 86.564369
780.949075 86.544909
782.840655 86.525742
784.733306 86.506864
786.627011 86.488269
788.521755 86.469950
790.417524 86.451902
792.314302 86.434121
794.212076 86.416600
796.110832 86.399336
798.010554 86.382322
799.911230 86.365554
801.812847 86.349027
803.715391 86.332738
805.618849 86.316680
807.523208 86.300851
809.429055 86.285297
811.335894 86.269972
813.243589 86.254862
815.152130 86.239961
817.061999 86.225311
818.972889 86.210880
820.884584 86.196647
822.797072 86.182608
824.710730 86.168794
826.625448 86.155193
828.540921 86.141774
830.457140 86.128535
832.374373 86.115497
834.292710 86.102666
836.211757 86.090004
838.131505 86.077508
840.052115 86.065191
841.973877 86.053076
843.896308 86.041118
845.819399 86.029315
847.743201 86.017668
849.668210 86.006220
851.593847 85.994919
853.520107 85.983760
855.446980 85.972743
857.375017 85.961913
859.303698 85.951223
861.232964 85.940666
863.162809 85.930241
865.093226 85.919944
867.024207 85.909774
868.955746 85.899730
870.887836 85.889808
872.820472 85.880007
874.753645 85.870324
876.687350 85.860759
878.621581 85.851308
880.556331 85.841971
882.491594 85.832746
884.427365 85.823630
886.363637 85.814622
888.300404 85.805720
890.237662 85.796923
892.175404 85.788229
894.113624 85.779636
896.052318 85.771143
897.991479 85.762748
899.931103 85.754450
901.871185 85.746247
903.811718 85.738138
905.752699 85.730122
907.694122 85.722196
909.635982 85.714360
911.578275 85.706613
913.520995 85.698952
915.464138 85.691377
917.407699 85.683887
919.351674 85.676479
921.296058 85.669154
923.240846 85.661909
925.186036 85.654744
927.131621 85.647657
929.077598 85.640648
931.023962 85.633714
932.970710 85.626856
934.917838 85.620072
936.865341 85.613360
938.813215 85.606721
940.761457 85.600152
942.710062 85.593653
944.659027 85.587223
946.608349 85.580861
948.558023 85.574566
950.508045 85.568337
952.458413 85.562173
954.409122 85.556073
956.360170 85.550036
958.311552 85.544062
960.263266 85.538150
962.215307 85.532298
964.167673 85.526506
966.120360 85.520773
968.073366 85.515098
970.026686 85.509481
971.980318 85.503921
973.934259 85.498416
975.888506 85.492967
977.843055 85.487573
979.797904 85.482232
981.753049 85.476944
983.708488 85.471708
985.664219 85.466524
987.620237 85.461392
989.576541 85.456309
991.533127 85.451276
993.489993 85.446292
995.447136 85.441357
997.404554 85.436469
999.362243 85.431629
1001.320202 85.426835
1003.278427 85.422087
1005.236917 85.417384
1007.195669 85.412726
1009.154680 85.408112
1011.113947 85.403542
1013.073469 85.399015
1015.033244 85.394531
1016.993267 85.390089
1018.953539 85.385688
1020.914055 85.381328
1022.874815 85.377009
1024.835815 85.372730
1026.797053 85.368490
1028.758528 85.364289
1030.720237 85.360127
1032.682178 85.356003
1034.644349 85.351917
1036.606748 85.347867
1038.569373 85.343855
1040.532221 85.339879
