200.000000 120.000000
202.000000 120.000000
204.000000 120.000000
206.000000 120.000000
208.000000 120.000000
210.000000 120.000000
212.000000 120.000000
214.000000 120.000000
216.000000 120.000000
218.000000 120.000000
220.000000 120.000000
222.000000 120.000000
224.000000 120.000000
226.000000 120.000000
228.000000 120.000000
230.000000 120.000000
232.000000 120.000000
234.000000 120.000000
236.000000 120.000000
238.000000 120.000000
240.000000 120.000000
242.000000 120.000000
244.000000 120.000000
246.000000 120.000000
248.000000 120.000000
250.000000 120.000000
252.000000 120.000000
254.000000 120.000000
256.000000 120.000000
258.000000 120.000000
260.000000 120.000000
262.000000 120.000000
264.000000 120.000000
266.000000 120.000000
268.000000 120.000000
270.000000 120.000000
272.000000 120.000000
274.000000 120.000000
276.000000 120.000000
278.000000 120.000000
280.000000 120.000000
282.000000 120.000000
284.000000 120.000000
286.000000 120.000000
288.000000 120.000000
290.000000 120.000000
292.000000 120.000000
294.000000 120.000000
296.000000 120.000000
298.000000 120.000000
299.999846 120.017648
301.999538 120.052945
303.999384 120.070593
305.999076 120.105890
307.997536 120.176462
309.994764 120.282309
311.991993 120.388156
313.986759 120.529214
315.979063 120.705482
317.971367 120.881751
319.959981 121.093123
321.944906 121.339598
323.929831 121.586073
325.914756 121.832548
327.889856 122.148930
329.864956 122.465312
331.840057 122.781693
333.806588 123.132492
335.769430 123.518395
337.732272 123.904297
339.680438 124.359007
341.628607 124.813474
343.576776 125.267940
345.516406 125.756655
347.447531 126.278645
349.378655 126.800634
351.302513 127.321343
353.211786 127.945431
355.123520 128.534308
357.024347 129.156755
358.914318 129.812286
360.804340 130.467334
362.682289 131.155549
364.555573 131.841925
366.421586 132.562344
368.287599 133.282764
370.127251 134.068157
371.966989 134.853070
373.806726 135.637984
375.629822 136.454219
377.441049 137.302671
379.252276 138.151122
381.032556 139.063023
382.813072 139.973978
384.593588 140.884934
386.357534 141.827055
388.105177 142.799405
389.852820 143.771755
391.593721 144.741104
393.295461 145.807233
395.008108 146.839792
396.702051 147.902285
398.377456 148.994254
400.053027 150.085766
401.724334 151.174815
403.360612 152.324399
404.997073 153.473533
406.633533 154.622666
408.228698 155.828466
409.843799 157.004559
411.439162 158.209914
412.991063 159.470897
414.543391 160.731005
416.095719 161.991114
417.602671 163.305300
419.102842 164.652675
420.610251 165.966002
422.094041 167.305559
423.554700 168.670503
425.034064 170.005514
426.470204 171.395848
427.882083 172.811161
429.294220 174.226060
430.680966 175.665478
432.065283 177.101973
433.427184 178.565104
434.789085 180.028234
436.151271 181.490971
437.495298 182.982834
438.857771 184.445176
440.220544 185.907135
441.583616 187.368711
442.943050 188.864906
444.306122 190.326481
445.669820 191.787311
447.033519 193.248140
448.397217 194.708970
449.761567 196.169076
451.151307 197.604663
452.515656 199.064769
453.865423 200.555462
455.230297 202.032272
456.595323 203.491678
458.009920 204.901524
459.564480 206.155977
461.241680 207.241631
463.023203 208.146591
464.877685 208.893653
466.800127 209.443345
468.769526 209.789644
470.764516 209.911351
472.764516 209.911351
474.764516 209.911351
476.764516 209.911351
478.764516 209.911351
480.764516 209.911351
482.764516 209.911351
484.764516 209.911351
486.764516 209.911351
488.764516 209.911351
490.764516 209.911351
492.764516 209.911351
494.764516 209.911351
496.764516 209.911351
498.764516 209.911351
500.764516 209.911351
502.764516 209.911351
504.764516 209.911351
506.764516 209.911351
508.764516 209.911351
510.764516 209.911351
512.764516 209.911351
514.764516 209.911351
516.764516 209.911351
518.764516 209.911351
520.764516 209.911351
522.764516 209.911351
524.764516 209.911351
526.764516 209.911351
528.764516 209.911351
530.764516 209.911351
532.764516 209.911351
534.764516 209.911351
536.764516 209.911351
538.764516 209.911351
540.764516 209.911351
542.764516 209.911351
544.764516 209.911351
546.764516 209.911351
548.764516 209.911351
550.764516 209.911351
552.764516 209.911351
554.764516 209.911351
556.764516 209.911351
558.764516 209.911351
560.764516 209.911351
562.764516 209.911351
564.760837 209.895605
566.704186 209.666423
568.535517 209.033779
570.245114 208.020999
571.832114 206.671381
573.297665 205.024030
574.676831 203.251313
575.991147 201.446869
577.242680 199.618874
578.436162 197.778998
579.580709 195.942940
580.669193 194.099659
581.711974 192.266673
582.713105 190.448102
583.665170 188.634367
584.588335 186.851390
585.462934 185.073136
586.315531 183.332003
587.123751 181.600078
587.911603 179.904379
588.666350 178.229911
589.390819 176.578092
590.102880 174.968050
590.774606 173.368666
591.437669 171.811863
592.080654 170.285252
592.690968 168.774975
593.299552 167.310198
593.889947 165.874341
594.450939 164.455788
595.011847 163.080303
595.566370 161.741123
596.090571 160.416432
596.610670 159.127634
597.134975 157.880435
597.645150 156.658844
598.133412 155.455628
598.625777 154.290292
599.124951 153.163540
599.615811 152.062928
600.087032 150.979181
600.563566 149.929395
601.049592 148.915196
601.564961 147.940266
602.111495 146.995272
602.687644 146.081025
603.311346 145.207463
603.981318 144.372526
604.691193 143.572329
605.420935 142.793374
606.174797 142.036396
606.964707 141.309591
607.790257 140.611991
608.650194 139.942162
609.540228 139.296950
610.445058 138.666315
611.366880 138.051697
612.318473 137.460159
613.298995 136.890738
614.307453 136.342424
615.342888 135.814259
616.404377 135.305335
617.491034 134.814793
618.602004 134.341821
619.736468 133.885646
620.893638 133.445538
622.072761 133.020804
623.273111 132.610788
624.493994 132.214865
625.734744 131.832444
626.994723 131.462964
628.273318 131.105890
629.569944 130.760717
630.884036 130.426962
632.215054 130.104168
633.562482 129.791898
634.925821 129.489738
636.304595 129.197293
637.698774 128.914319
639.101532 128.638522
640.512735 128.369682
641.932248 128.107586
643.359940 127.852027
644.795677 127.602805
646.239329 127.359728
647.690768 127.122611
649.153851 126.892334
650.628540 126.668727
652.114512 126.451550
653.611756 126.240657
655.120748 126.036036
656.640098 125.837184
658.169532 125.643901
659.708782 125.455996
661.258504 125.273531
662.814261 125.095214
664.375947 124.920927
665.943464 124.750554
667.516710 124.583986
669.095589 124.421116
670.680004 124.261839
672.269861 124.106056
673.865068 123.953670
675.465532 123.804586
677.071166 123.658715
678.681880 123.515968
680.301237 123.377098
681.927254 123.241576
683.559829 123.109313
685.200490 122.980597
686.847323 122.854925
688.500357 122.732245
690.160864 122.612794
691.827102 122.496117
693.499306 122.382214
695.178335 122.271234
696.861611 122.162536
698.548711 122.055980
700.239572 121.951512
701.934133 121.849079
703.632332 121.748632
705.334109 121.650119
707.039408 121.553493
708.748169 121.458708
710.460337 121.365718
712.175856 121.274479
713.894673 121.184949
715.616735 121.097087
717.341989 121.010853
719.070385 120.926207
720.801872 120.843111
722.536401 120.761529
724.273924 120.681426
726.015752 120.603029
727.761429 120.526222
729.511641 120.451114
731.265171 120.377442
733.023444 120.305459
734.784701 120.234800
736.550570 120.165758
738.319444 120.098000
740.092455 120.031723
741.868662 119.966726
743.648564 119.903084
745.431834 119.840717
747.218386 119.779587
749.007175 119.719476
750.798165 119.660361
752.591324 119.602220
754.386620 119.545032
756.184022 119.488778
757.983499 119.433437
759.785020 119.378990
761.588556 119.325418
763.394077 119.272703
765.201555 119.220827
767.010961 119.169772
768.822267 119.119521
770.635447 119.070059
772.450474 119.021368
774.267322 118.973433
776.085964 118.926239
777.906376 118.879771
779.728532 118.834013
781.552409 118.788953
783.377982 118.744575
785.205228 118.700867
787.034124 118.657815
788.864646 118.615406
790.696773 118.573628
792.530483 118.532469
794.365754 118.491916
796.202565 118.451957
798.041373 118.412657
799.882579 118.374071
801.725318 118.336053
803.570787 118.298785
805.417668 118.262050
807.266941 118.225996
809.117907 118.190504
810.970801 118.155605
812.825733 118.121309
814.682138 118.087519
816.540921 118.054373
818.400953 118.021684
820.263255 117.989610
822.126983 117.958008
823.992529 117.926937
825.859848 117.896382
827.728314 117.866239
829.597912 117.836501
831.468629 117.807161
833.340451 117.778211
835.213363 117.749645
837.087352 117.721457
838.962405 117.693639
840.838509 117.666185
842.715651 117.639089
844.593817 117.612345
846.472997 117.585947
848.353176 117.559889
850.234344 117.534165
852.116488 117.508769
853.999596 117.483696
855.883657 117.458941
857.768660 117.434498
859.654594 117.410362
861.541447 117.386529
863.429208 117.362992
865.317867 117.339747
867.207414 117.316790
869.097837 117.294115
870.989127 117.271719
872.881274 117.249596
874.774268 117.227742
876.668098 117.206153
878.562756 117.184825
880.458232 117.163753
882.354517 117.142933
884.251601 117.122363
886.149476 117.102036
888.048132 117.081950
889.947561 117.062102
891.847753 117.042486
893.748702 117.023100
895.650397 117.003940
897.552832 116.985003
899.455996 116.966285
901.359884 116.947783
903.264486 116.929493
905.169795 116.911412
907.075804 116.893538
908.982503 116.875867
910.889887 116.858396
912.797948 116.841122
914.706678 116.824042
916.616070 116.807153
918.526338 116.790479
920.437783 116.774056
922.349863 116.757815
924.262787 116.741779
926.176854 116.725983
928.091531 116.710360
930.007019 116.694933
931.923620 116.679736
933.840806 116.664704
935.758770 116.649858
937.677822 116.635235
939.597435 116.620768
941.517791 116.606479
943.439211 116.592404
945.361171 116.578478
947.283839 116.564719
949.207552 116.551169
951.131784 116.537761
953.056687 116.524512
954.982618 116.511464
956.909048 116.498551
958.835971 116.485772
960.763382 116.473123
962.691276 116.460605
964.619649 116.448214
966.548496 116.435949
968.477811 116.423808
970.407592 116.411790
972.337833 116.399894
974.268529 116.388116
976.199676 116.376457
978.131271 116.364914
980.063308 116.353485
981.995784 116.342170
983.928693 116.330966
985.862033 116.319873
987.795799 116.308889
989.729987 116.298012
991.664593 116.287241
993.599612 116.276575
995.535042 116.266013
997.470879 116.255552
999.407118 116.245192
1001.343755 116.234931
1003.280788 116.224769
1005.218212 116.214703
1007.156025 116.204733
1009.094221 116.194858
1011.032798 116.185076
1012.971753 116.175386
1014.911081 116.165787
1016.850780 116.156278
1018.790846 116.146858
1020.731276 116.137525
1022.672066 116.128279
1024.613214 116.119119
1026.554716 116.110043
1028.496569 116.101050
1030.438769 116.092140
1032.381315 116.083311
1034.324202 116.074562
1036.267427 116.065893
1038.210989 116.057303
1040.154883 116.048790
1042.099107 116.040354
1044.043658 116.031993
1045.988533 116.023707
