200.000000 150.000000
202.000000 150.000000
204.000000 150.000000
206.000000 150.000000
208.000000 150.000000
210.000000 150.000000
212.000000 150.000000
214.000000 150.000000
216.000000 150.000000
218.000000 150.000000
220.000000 150.000000
222.000000 150.000000
224.000000 150.000000
226.000000 150.000000
228.000000 150.000000
230.000000 150.000000
232.000000 150.000000
234.000000 150.000000
236.000000 150.000000
238.000000 150.000000
240.000000 150.000000
242.000000 150.000000
244.000000 150.000000
246.000000 150.000000
248.000000 150.000000
250.000000 150.000000
252.000000 150.000000
254.000000 150.000000
256.000000 150.000000
258.000000 150.000000
260.000000 150.000000
262.000000 150.000000
264.000000 150.000000
266.000000 150.000000
268.000000 150.000000
270.000000 150.000000
272.000000 150.000000
274.000000 150.000000
276.000000 150.000000
278.000000 150.000000
280.000000 150.000000
282.000000 150.000000
284.000000 150.000000
286.000000 150.000000
288.000000 150.000000
290.000000 150.000000
292.000000 150.000000
294.000000 150.000000
296.000000 150.000000
298.000000 150.000000
299.999846 150.017648
301.999538 150.052945
303.999230 150.088242
305.998922 150.123538
307.996150 150.229386
309.993378 150.335233
311.988145 150.476290
313.980449 150.652559
315.972753 150.828827
317.957677 151.075303
319.942602 151.321778
321.922615 151.603206
323.897715 151.919588
325.872815 152.235969
327.846853 152.534510
329.809695 152.920412
331.772536 153.306315
333.720701 153.761268
335.668866 154.216221
337.608491 154.705423
339.539580 155.228629
341.470671 155.751592
343.385993 156.307310
345.297642 156.897645
347.209309 157.487494
349.099161 158.144481
350.998810 158.766567
352.876658 159.455751
354.742433 160.178103
356.608311 160.899486
358.447743 161.686323
360.287244 162.472677
362.112455 163.290795
363.923311 164.141157
365.742874 164.956313
367.538425 165.837441
369.318604 166.749818
371.098885 167.661718
372.860380 168.603703
374.607637 169.577462
376.337363 170.581315
378.049441 171.615737
379.761787 172.649223
381.436573 173.759980
383.111661 174.852869
384.786899 175.945296
386.435884 177.063520
388.071980 178.213556
389.687329 179.392148
391.281932 180.599295
392.895603 181.775606
394.447108 183.037479
395.998811 184.298907
397.528024 185.586929
399.034549 186.901990
400.529441 188.284572
402.012774 189.624988
403.472718 190.991205
404.919851 192.389268
406.348633 193.775268
407.760011 195.191415
409.146241 196.631659
410.512365 198.099530
411.873721 199.563467
413.235077 201.027405
414.596706 202.490939
415.958607 203.954069
417.320507 205.417199
418.682980 206.879542
420.045453 208.341885
421.408226 209.803844
422.771298 211.265419
424.134371 212.726995
425.497756 214.188197
426.861454 215.649027
428.225152 217.109856
429.589502 218.569963
430.953852 220.030069
432.318540 221.489824
433.683566 222.949230
435.048592 224.408636
436.464399 225.819003
437.928567 227.179290
439.439321 228.487840
441.016256 229.715627
442.635083 230.887822
444.293836 232.002996
445.990501 233.059792
447.740422 234.026774
449.523028 234.932285
451.336154 235.775223
453.190636 236.522285
455.070063 237.204361
456.972154 237.820620
458.894596 238.370312
460.843475 238.818991
462.806830 239.199571
464.782273 239.511589
466.771045 239.720045
468.765883 239.859158
470.764516 239.911351
472.764516 239.911351
474.764516 239.911351
476.764516 239.911351
478.764516 239.911351
480.764516 239.911351
482.764516 239.911351
484.764516 239.911351
486.764516 239.911351
488.764516 239.911351
490.764516 239.911351
492.764516 239.911351
494.764516 239.911351
496.764516 239.911351
498.764516 239.911351
500.764516 239.911351
502.764516 239.911351
504.764516 239.911351
506.764516 239.911351
508.764516 239.911351
510.764516 239.911351
512.764516 239.911351
514.764516 239.911351
516.764516 239.911351
518.764516 239.911351
520.764516 239.911351
522.764516 239.911351
524.764516 239.911351
526.764516 239.911351
528.764516 239.911351
530.764516 239.911351
532.764516 239.911351
534.764516 239.911351
536.764516 239.911351
538.764516 239.911351
540.764516 239.911351
542.764516 239.911351
544.764516 239.911351
546.764516 239.911351
548.764516 239.911351
550.764516 239.911351
552.764516 239.911351
554.764516 239.911351
556.764516 239.911351
558.764516 239.911351
560.764516 239.911351
562.764516 239.911351
564.764516 239.911351
566.764516 239.911351
568.764516 239.911351
570.764516 239.911351
572.748449 239.843267
574.685458 239.587588
576.551477 239.069930
578.342544 238.303275
580.063896 237.323297
581.719338 236.173739
583.335467 234.981514
584.923813 233.778581
586.469587 232.532866
587.991247 231.288747
589.473228 230.013176
590.931910 228.742284
592.354065 227.449593
593.756243 226.167970
595.121520 224.866204
596.473423 223.586021
597.786413 222.284302
599.091270 221.010680
600.360674 219.722627
601.615565 218.451042
602.855424 217.195207
604.062374 215.928842
605.267696 214.695029
606.447240 213.460894
607.606519 212.232822
608.766485 211.037246
609.899721 209.839451
611.017630 208.652606
612.138242 207.497692
613.239385 206.348315
614.320428 205.203005
615.405198 204.088043
616.485887 202.994075
617.539636 201.895950
618.592750 200.820992
619.650831 199.774224
620.698462 198.739418
621.725300 197.705647
622.756593 196.697326
623.793896 195.715144
624.824507 194.746510
625.835238 193.778600
626.850260 192.833243
627.872193 191.912113
628.898362 191.012161
629.906583 190.113569
630.910396 189.227585
631.921895 188.364045
632.941196 187.522384
633.964636 186.699013
634.971934 185.877066
635.977479 185.067724
636.991454 184.278635
638.013941 183.509289
639.045016 182.759185
640.070071 182.016871
641.084227 181.278330
642.105811 180.556865
643.136451 179.853197
644.176191 179.166875
645.225071 178.497453
646.271362 177.836353
647.307528 177.178034
648.350486 176.533896
649.402908 175.905379
650.464806 175.292081
651.536185 174.693610
652.616481 174.109222
653.692382 173.530036
654.761975 172.954582
655.840035 172.392044
656.927757 171.842851
658.025120 171.306656
659.132095 170.783124
660.248653 170.271925
661.371999 169.771111
662.489243 169.272824
663.605354 168.779813
664.731108 168.298196
665.872775 167.829592
667.032774 167.374408
668.210599 166.932170
669.405764 166.502424
670.617797 166.084734
671.846243 165.678683
673.090664 165.283872
674.350633 164.899919
675.625743 164.526456
676.915596 164.163133
678.219812 163.809613
679.538021 163.465571
680.869867 163.130697
682.215004 162.804694
683.573101 162.487276
684.943836 162.178168
686.326898 161.877106
687.721986 161.583836
689.129197 161.298234
690.548089 161.020015
691.978171 160.748889
693.419179 160.484637
694.870857 160.227050
696.332956 159.975928
697.805237 159.731077
699.287467 159.492310
700.779426 159.259449
702.281616 159.032541
703.793096 158.811197
705.313662 158.595256
706.843115 158.384563
708.381262 158.178969
709.927915 157.978328
711.482954 157.782521
713.046849 157.591611
714.618712 157.405249
716.198377 157.223310
717.785682 157.045673
719.380472 156.872221
720.982593 156.702841
722.592627 156.537647
724.209740 156.376324
725.833742 156.218752
727.463104 156.064410
729.096276 155.912775
730.733205 155.763788
732.373840 155.617390
734.018133 155.473524
735.666033 155.332135
737.317493 155.193168
738.972463 155.056571
740.630898 154.922292
742.292751 154.790281
743.957975 154.660490
745.626527 154.532870
747.298361 154.407377
748.973435 154.283963
750.653584 154.163088
752.338724 154.044693
754.028977 153.928773
755.724850 153.815430
757.425433 153.704390
759.130646 153.595596
760.840888 153.489126
762.556110 153.384936
764.275708 153.282836
765.999423 153.182727
767.725751 153.084184
769.454658 152.987175
771.186110 152.891668
772.920073 152.797634
774.656517 152.705044
776.395407 152.613869
778.136714 152.524081
779.880405 152.435652
781.626450 152.348558
783.374820 152.262770
785.125483 152.178265
786.878413 152.095017
788.633578 152.013002
790.390952 151.932196
792.150506 151.852577
793.912213 151.774122
795.676046 151.696809
797.441978 151.620616
799.209983 151.545522
800.981191 151.471774
802.755281 151.399279
804.533299 151.328265
806.314051 151.258440
808.097920 151.189878
809.885179 151.122627
811.675039 151.056491
813.468259 150.991631
815.264340 150.927919
817.062944 150.865264
818.865065 150.803884
820.668904 150.743350
822.474392 150.683637
824.281512 150.624730
826.090243 150.566616
827.900566 150.509280
829.712462 150.452709
831.525912 150.396890
833.340899 150.341810
835.157404 150.287455
836.975409 150.233813
838.794896 150.180873
840.615850 150.128622
842.438251 150.077048
844.262084 150.026141
846.087332 149.975888
847.913978 149.926279
849.742008 149.877303
851.571404 149.828949
853.402151 149.781208
855.234234 149.734068
857.067637 149.687521
858.902346 149.641556
860.738347 149.596164
862.575623 149.551335
864.414162 149.507061
866.253949 149.463332
868.094969 149.420139
869.937211 149.377475
871.780659 149.335330
873.626126 149.293857
875.473290 149.252985
877.322551 149.212788
879.173337 149.173148
881.026294 149.134184
882.880614 149.095734
884.737173 149.057962
886.594939 149.020662
888.455008 148.984043
890.316217 148.947872
892.179628 148.912352
894.044223 148.877278
895.910867 148.842816
897.778481 148.808750
899.647055 148.775074
901.516577 148.741782
903.387038 148.708869
905.258429 148.676329
907.130739 148.644156
909.003959 148.612345
910.878079 148.580891
912.753091 148.549788
914.628985 148.519031
916.505751 148.488616
918.383382 148.458536
920.261868 148.428788
922.141200 148.399366
924.021370 148.370266
925.902370 148.341483
927.784190 148.313013
929.666823 148.284851
931.550261 148.256992
933.434495 148.229433
935.319518 148.202169
937.205322 148.175197
939.091898 148.148511
940.979240 148.122108
942.867339 148.095984
944.756189 148.070135
946.645782 148.044558
948.536110 148.019248
950.427167 147.994201
952.318946 147.969416
954.211438 147.944886
956.104639 147.920610
957.998540 147.896584
959.893135 147.872804
961.788417 147.849267
963.684380 147.825970
965.581018 147.802909
967.478323 147.780082
969.376290 147.757485
971.274912 147.735115
973.174184 147.712969
975.074098 147.691045
976.974649 147.669339
978.875832 147.647848
980.777639 147.626570
982.680498 147.605570
984.584377 147.584842
986.488994 147.564337
988.394904 147.544143
990.301400 147.524146
992.209142 147.504447
994.117612 147.484964
996.027017 147.465727
997.937420 147.446744
999.848454 147.427955
1001.760753 147.409460
1003.673586 147.391140
1005.587539 147.373088
1007.502217 147.355238
1009.417712 147.337603
1011.334198 147.320210
1013.251184 147.302980
1015.168667 147.285910
1017.086643 147.268999
1019.005107 147.252244
1020.924054 147.235644
1022.843481 147.219197
1024.763384 147.202901
1026.683757 147.186754
1028.604598 147.170754
1030.525902 147.154900
1032.447665 147.139190
1034.369883 147.123622
1036.292553 147.108194
1038.215670 147.092905
1040.139230 147.077753
1042.063230 147.062737
1043.987666 147.047854
1045.912535 147.033104
1047.837832 147.018484
1049.763555 147.003994
1051.689699 146.989631
