200.000000 180.000000
202.000000 180.000000
204.000000 180.000000
206.000000 180.000000
208.000000 180.000000
210.000000 180.000000
212.000000 180.000000
214.000000 180.000000
216.000000 180.000000
218.000000 180.000000
220.000000 180.000000
222.000000 180.000000
224.000000 180.000000
226.000000 180.000000
228.000000 180.000000
230.000000 180.000000
232.000000 180.000000
234.000000 180.000000
236.000000 180.000000
238.000000 180.000000
240.000000 180.000000
242.000000 180.000000
244.000000 180.000000
246.000000 180.000000
248.000000 180.000000
250.000000 180.000000
252.000000 180.000000
254.000000 180.000000
256.000000 180.000000
258.000000 180.000000
260.000000 180.000000
262.000000 180.000000
264.000000 180.000000
266.000000 180.000000
268.000000 180.000000
270.000000 180.000000
272.000000 180.000000
274.000000 180.000000
276.000000 180.000000
278.000000 180.000000
280.000000 180.000000
282.000000 180.000000
284.000000 180.000000
286.000000 180.000000
288.000000 180.000000
290.000000 180.000000
292.000000 180.000000
294.000000 180.000000
296.000000 180.000000
298.000000 180.000000
299.999846 180.017648
301.999538 180.052945
303.999230 180.088242
305.997690 180.158814
307.994918 180.264661
309.989684 180.405719
311.981988 180.581987
313.970603 180.793359
315.955528 181.039834
317.935540 181.321262
319.910641 181.637644
321.879612 181.988786
323.842453 182.374689
325.811424 182.725831
327.759589 183.180784
329.707754 183.635737
331.638840 184.159187
333.569927 184.682637
335.481555 185.273945
337.393184 185.865253
339.287914 186.488260
341.177732 187.146220
343.043406 187.870516
344.909113 188.593839
346.761599 189.349889
348.600929 190.137693
350.441666 190.889472
352.248696 191.775902
354.043942 192.658953
355.823784 193.573247
357.587122 194.518224
359.333974 195.493886
361.063262 196.499637
362.785911 197.501910
364.497753 198.537276
366.172304 199.632037
367.846973 200.726325
369.482301 201.878670
371.135411 202.999979
372.729380 204.208967
374.323649 205.417029
375.874457 206.680720
377.425597 207.943495
378.931361 209.260349
380.454061 210.545134
381.936571 211.887315
383.395860 213.254837
384.830629 214.647750
386.263994 216.038139
387.649281 217.480086
389.009406 218.946122
390.369760 220.411728
391.730357 221.876913
393.091197 223.341676
394.452295 224.806027
395.835382 226.242150
397.197011 227.705684
398.558911 229.168815
399.921098 230.631551
401.283571 232.093894
402.646044 233.556236
404.009117 235.017812
405.372189 236.479387
406.735887 237.940217
408.094741 239.435518
409.459091 240.895624
410.812683 242.388836
412.177709 243.848242
413.542736 245.307647
414.958542 246.718015
416.398530 248.103342
417.846356 249.494365
419.357110 250.802914
420.890238 252.084798
422.445742 253.340016
424.044109 254.540372
425.683397 255.684405
427.342150 256.799580
429.020368 257.885895
430.735480 258.913170
432.467996 259.910298
434.234260 260.846545
436.016866 261.752057
437.829991 262.594995
439.657275 263.406132
441.498717 264.185469
443.366239 264.900256
445.245667 265.582332
447.147757 266.198591
449.060604 266.781744
450.992641 267.297975
452.933099 267.780429
454.881979 268.229107
456.845333 268.609688
458.814732 268.955987
460.795021 269.233534
462.780153 269.476609
464.772563 269.650447
466.767402 269.789559
468.764668 269.893946
470.764516 269.911351
472.764516 269.911351
474.764516 269.911351
476.764516 269.911351
478.764516 269.911351
480.764516 269.911351
482.764516 269.911351
484.764516 269.911351
486.764516 269.911351
488.764516 269.911351
490.764516 269.911351
492.764516 269.911351
494.764516 269.911351
496.764516 269.911351
498.764516 269.911351
500.764516 269.911351
502.764516 269.911351
504.764516 269.911351
506.764516 269.911351
508.764516 269.911351
510.764516 269.911351
512.764516 269.911351
514.764516 269.911351
516.764516 269.911351
518.764516 269.911351
520.764516 269.911351
522.764516 269.911351
524.764516 269.911351
526.764516 269.911351
528.764516 269.911351
530.764516 269.911351
532.764516 269.911351
534.764516 269.911351
536.764516 269.911351
538.764516 269.911351
540.764516 269.911351
542.764516 269.911351
544.764516 269.911351
546.764516 269.911351
548.764516 269.911351
550.764516 269.911351
552.764516 269.911351
554.764516 269.911351
556.764516 269.911351
558.764516 269.911351
560.764516 269.911351
562.764516 269.911351
564.764516 269.911351
566.764516 269.911351
568.764516 269.911351
570.764516 269.911351
572.764516 269.911351
574.764516 269.911351
576.764516 269.911351
578.761459 269.898224
580.732172 269.775092
582.665346 269.503778
584.542379 269.024419
586.375697 268.394980
588.150716 267.578974
589.906865 266.736595
591.632020 265.842913
593.347086 264.958912
595.030114 264.027881
596.703219 263.107025
598.348574 262.154969
599.976715 261.196393
601.591297 260.240869
603.175372 259.251981
604.755007 258.284704
606.306306 257.291720
607.842096 256.297845
609.371737 255.320972
610.869403 254.314183
612.360278 253.322224
613.843060 252.342709
615.295063 251.337610
616.743352 250.351208
618.185765 249.379673
619.598053 248.385348
621.006214 247.407606
622.413582 246.450841
623.794303 245.477678
625.164872 244.511225
626.537021 243.567406
627.899051 242.630015
629.236147 241.679117
630.573992 240.748147
631.914275 239.838605
633.237434 238.925818
634.543492 238.009518
635.852641 237.114005
637.164989 236.238762
638.463001 235.363131
639.743714 234.483429
641.027957 233.623072
642.316075 232.781877
643.601042 231.951791
644.863855 231.112163
646.126743 230.286440
647.394097 229.478817
648.665981 228.688859
649.929281 227.903038
651.175264 227.112391
652.425084 226.337682
653.679934 225.579654
654.939854 224.837912
656.196099 224.103915
657.434388 223.364129
658.675125 222.637272
659.921351 221.925789
661.173086 221.229320
662.429931 220.547150
663.675650 219.864884
664.911058 219.183043
666.152072 218.515155
667.398948 217.861109
668.651690 217.220586
669.910299 216.593273
671.163236 215.969564
672.403683 215.343779
673.648601 214.729410
674.899646 214.127511
676.156805 213.537799
677.420066 212.959996
678.689067 212.393569
679.950448 211.828252
681.202932 211.262949
682.461019 210.708367
683.725381 210.164774
684.995993 209.631923
686.272828 209.109573
687.555859 208.597488
688.841675 208.093077
690.116785 207.586775
691.390583 207.085021
692.670705 206.592964
693.957115 206.110388
695.249777 205.637084
696.548656 205.172847
697.853714 204.717475
699.164810 204.270707
700.471709 203.825773
701.771045 203.380404
703.074911 202.942301
704.384985 202.512397
705.701225 202.090514
707.023585 201.676476
708.352021 201.270113
709.686487 200.871259
711.026938 200.479750
712.370818 200.093929
713.707546 199.707378
715.042119 199.323011
716.382702 198.945600
717.729245 198.574995
719.081700 198.211051
720.440016 197.853626
721.804144 197.502583
723.174033 197.157785
724.549634 196.819100
725.930895 196.486398
727.317767 196.159554
728.710199 195.838443
730.108140 195.522945
731.511541 195.212942
732.920350 194.908319
734.334517 194.608963
735.753992 194.314764
737.178725 194.025615
738.608665 193.741410
740.043763 193.462047
741.483968 193.187426
742.929230 192.917448
744.379501 192.652019
745.837658 192.391934
747.304490 192.137347
748.779827 191.888117
750.263504 191.644110
751.755360 191.405193
753.255282 191.171255
754.763621 190.942326
756.279679 190.718119
757.803311 190.498519
759.334375 190.283414
760.872734 190.072695
762.418254 189.866257
763.970805 189.663998
765.530794 189.465982
767.097651 189.271976
768.671161 189.081859
770.251205 188.895540
771.837670 188.712930
773.430442 188.533945
775.029684 188.358584
776.635385 188.186797
778.247067 188.018389
779.864626 187.853286
781.487965 187.691413
783.116985 187.532699
784.751904 187.377168
786.392648 187.224758
788.038789 187.075301
789.690238 186.928731
791.346909 186.784986
793.008719 186.644006
794.676142 186.505902
796.348616 186.370468
798.025979 186.237624
799.708153 186.107314
801.395063 185.979486
803.086953 185.854184
804.783746 185.731357
806.485051 185.610858
808.190798 185.492639
809.900921 185.376653
811.615550 185.262916
813.334850 185.151452
815.058323 185.042086
816.785907 184.934777
818.517543 184.829483
820.253339 184.726216
821.991236 184.624327
823.731210 184.523793
825.473239 184.424591
827.217301 184.326697
828.963372 184.230090
830.711432 184.134748
832.461458 184.040649
834.213430 183.947773
835.967326 183.856098
837.723125 183.765606
839.480807 183.676276
841.240352 183.588089
843.001740 183.501026
844.764951 183.415069
846.529966 183.330199
848.296764 183.246399
850.065329 183.163651
851.835640 183.081938
853.607679 183.001244
855.381428 182.921552
857.157662 182.843057
858.936732 182.765842
860.719347 182.690082
862.504732 182.615558
864.292835 182.542244
866.083983 182.470215
867.878160 182.399455
869.674943 182.329839
871.474307 182.261350
873.276937 182.194161
875.081008 182.127772
876.886497 182.062169
878.693390 181.997340
880.501670 181.933273
882.311325 181.869956
884.122340 181.807377
885.934702 181.745527
887.748396 181.684393
889.563410 181.623964
891.379729 181.564231
893.197342 181.505182
895.016234 181.446808
896.836393 181.389099
898.657806 181.332044
900.480461 181.275634
902.304346 181.219859
904.129448 181.164711
905.955755 181.110179
907.783255 181.056255
909.611937 181.002931
911.441789 180.950196
913.272799 180.898044
915.104957 180.846465
916.938251 180.795451
918.772669 180.744995
920.608202 180.695088
922.444838 180.645722
924.282566 180.596889
926.121638 180.548644
927.962908 180.501175
929.806004 180.454394
931.650736 180.408248
933.497765 180.362887
935.346303 180.318121
937.196760 180.274040
939.049101 180.230632
940.902895 180.187792
942.758890 180.145686
944.616364 180.104145
946.475516 180.063208
948.335574 180.022693
950.196530 179.982595
952.058376 179.942909
953.921104 179.903628
955.784705 179.864747
957.649172 179.826262
959.514496 179.788166
961.380669 179.750454
963.247684 179.713122
965.115534 179.676164
966.984209 179.639576
968.853704 179.603352
970.724010 179.567488
972.595121 179.531979
974.467028 179.496821
976.339726 179.462009
978.213206 179.427538
980.087461 179.393404
981.962486 179.359603
983.838272 179.326131
985.714814 179.292983
987.592104 179.260155
989.470137 179.227644
991.348904 179.195444
993.228401 179.163553
995.108620 179.131966
996.989555 179.100680
998.871200 179.069690
1000.753549 179.038994
1002.636596 179.008586
1004.520335 178.978465
1006.404759 178.948626
1008.289863 178.919066
1010.175641 178.889781
1012.062087 178.860769
1013.949196 178.832024
1015.836961 178.803546
1017.725378 178.775329
1019.614441 178.747372
1021.504143 178.719671
1023.394481 178.692222
1025.286296 178.665187
1027.178829 178.638417
1029.072880 178.612065
1030.967598 178.585962
1032.863813 178.560269
1034.760707 178.534823
1036.659012 178.509765
1038.558041 178.484960
1040.458397 178.460523
1042.359521 178.436342
1044.261891 178.412509
1046.165069 178.388937
1048.069416 178.365694
1049.974293 178.342655
1051.879696 178.319816
1053.785621 178.297176
1055.692064 178.274732
1057.599019 178.252482
